[gd_scene load_steps=7 format=2]

[ext_resource path="res://scripts/World.gd" type="Script" id=1]
[ext_resource path="res://scenes/Player.tscn" type="PackedScene" id=2]

[sub_resource type="BoxShape" id=1]

[sub_resource type="PlaneMesh" id=2]

[sub_resource type="BoxShape" id=4]

[sub_resource type="CubeMesh" id=3]

[node name="World" type="Spatial"]
script = ExtResource( 1 )

[node name="Floor" type="StaticBody" parent="."]
transform = Transform( 35.4297, 0, 0, 0, 1, 0, 0, 0, 46.5773, 0, 0, 0 )

[node name="CollisionShape" type="CollisionShape" parent="Floor"]
shape = SubResource( 1 )

[node name="FloorMesh" type="MeshInstance" parent="Floor/CollisionShape"]
mesh = SubResource( 2 )
material/0 = null

[node name="Player" parent="." instance=ExtResource( 2 )]

[node name="RigidBody" type="RigidBody" parent="."]
transform = Transform( 1, 0, 0, 0, 0.5, -0.866025, 0, 0.866025, 0.5, 8.34578, 3, -0.584139 )

[node name="CollisionShape" type="CollisionShape" parent="RigidBody"]
shape = SubResource( 4 )

[node name="Box" type="MeshInstance" parent="RigidBody"]
mesh = SubResource( 3 )
material/0 = null

[node name="Snake" type="Spatial" parent="."]

[node name="SnakeBase" type="RigidBody" parent="Snake"]
transform = Transform( 1, 0, 0, 0, 0.5, -0.866025, 0, 0.866025, 0.5, 0.518076, 2.46687, 0.0826998 )

[node name="CollisionShape" type="CollisionShape" parent="Snake/SnakeBase"]
transform = Transform( 1, 0, 0, 0, 1, 0, 0, 0, 1, 7.7708, 5.22195, 2.36865 )
shape = SubResource( 4 )

[node name="Box" type="MeshInstance" parent="Snake/SnakeBase"]
transform = Transform( 1, 0, 0, 0, 1, 0, 0, 0, 1, 7.7708, 5.22195, 2.36865 )
mesh = SubResource( 3 )
material/0 = null

[node name="SnakeBase2" type="RigidBody" parent="Snake"]
transform = Transform( 1, 0, 0, 0, 0.5, -0.866025, 0, 0.866025, 0.5, 1.87781, 5.14124, 5.7294 )

[node name="CollisionShape" type="CollisionShape" parent="Snake/SnakeBase2"]
transform = Transform( 1, 0, 0, 0, 1, 0, 0, 0, 1, 6.46379, 0, 0 )
shape = SubResource( 4 )

[node name="Box" type="MeshInstance" parent="Snake/SnakeBase2"]
transform = Transform( 1, 0, 0, 0, 1, 0, 0, 0, 1, 6.46379, 0, 0 )
mesh = SubResource( 3 )
material/0 = null

[node name="SnakeBase3" type="RigidBody" parent="Snake"]
transform = Transform( 1, 0, 0, 0, 0.5, -0.866025, 0, 0.866025, 0.5, 8.34578, 7.33356, 5.7294 )

[node name="CollisionShape" type="CollisionShape" parent="Snake/SnakeBase3"]
shape = SubResource( 4 )

[node name="Box" type="MeshInstance" parent="Snake/SnakeBase3"]
mesh = SubResource( 3 )
material/0 = null

[node name="SnakeBase4" type="RigidBody" parent="Snake"]
transform = Transform( 1, 0, 0, 0, 0.5, -0.866025, 0, 0.866025, 0.5, 8.34578, 0.821921, 5.7294 )

[node name="CollisionShape" type="CollisionShape" parent="Snake/SnakeBase4"]
shape = SubResource( 4 )

[node name="Box" type="MeshInstance" parent="Snake/SnakeBase4"]
mesh = SubResource( 3 )
material/0 = null

[node name="DirectionalLight" type="DirectionalLight" parent="."]
transform = Transform( 1, 0, 0, 0, -0.566376, 0.824147, 0, -0.824147, -0.566376, -6.05579, 19.2997, 0 )
light_color = Color( 1, 0.866667, 0, 1 )
shadow_enabled = true
shadow_color = Color( 0.00784314, 0, 1, 1 )
